N=4
W=1
L=1
(7,4)
(3,3)
(0,1)
(5,7)
N=6
W=1
L=2
(6,6)
(7,3)
(5,2)
(2,7)
(1,0)
(3,5)
N=8
W=1
L=6
(6,0)
(0,4)
(7,7)
(1,0)
(2,3)
(3,6)
(2,1)
(3,5)
N=12
W=1
L=26
(5,4)
(1,0)
(5,6)
(3,7)
(1,6)
(7,1)
(0,3)
(0,2)
(7,5)
(2,2)
(6,7)
(4,1)
N=4
W=2
L=0
(0,1)
(1,5)
(4,3)
(2,0)
N=6
W=2
L=0
(6,7)
(1,0)
(0,4)
(4,6)
(5,1)
(7,2)
N=8
W=2
L=2
(3,1)
(4,7)
(0,5)
(1,3)
(2,6)
(3,0)
(6,0)
(5,4)
N=12
W=2
L=18
(0,6)
(7,1)
(2,2)
(6,4)
(0,3)
(3,2)
(5,7)
(6,5)
(4,5)
(1,6)
(2,0)
(3,0)
N=4
W=3
L=0
(0,2)
(2,6)
(3,1)
(1,4)
N=6
W=3
L=0
(4,1)
(2,6)
(5,7)
(0,3)
(3,4)
(1,0)
N=8
W=3
L=2
(7,3)
(3,0)
(2,3)
(0,2)
(0,4)
(1,7)
(1,6)
(4,7)
N=12
W=3
L=18
(5,4)
(0,0)
(0,1)
(6,0)
(3,5)
(1,2)
(4,3)
(3,7)
(2,7)
(7,6)
(7,5)
(1,4)
