01011010011101100101001110000100001111101011110101010001111111110011
11011001111011000001110101100110100110011110110000011101100101100110
10101111000111000110110111101001001101110011110100101011100010110011
10101110111000100111011001010011100010010101100110010100100000110001
11000001111011001111101011110100110011111110100000100101111101110110
01010100001001001111010010001100000111011001011000111010010111111111
10100000100100010110101111110001011010101000100001010111111011111010
01101111110100010110001010110111101100101111111111011001101011110010
11110100111100001011000101010000100110011100111000001100101010110111
0101111000010100
